   35    25    48    65       3120   497   378  0.61462
   35    28    48    58       2784   551   429  0.60802
   31    35    54    47       2538   603   482  0.60661
   26    45    64    37       2368   651   519  0.61103
   45    28    38    58       2204   700   560  0.61152
   49    28    35    58       2030   751   621  0.60427
   52    28    33    58       1914   800   656  0.60692
   49    32    35    51       1785   854   714  0.60422
   46    36    37    46       1702   901   755  0.60783
   36    49    47    34       1598   950   814  0.60173
   33    56    51    30       1530   998   850  0.60523
   36    54    47    31       1457  1047   897  0.60465
   35    58    48    29       1392  1098   932  0.60581
   49    44    35    38       1330  1151  1005  0.60677
   46    49    37    34       1258  1197  1057  0.59686
   46    51    37    33       1221  1248  1098  0.60399
   45    54    38    31       1178  1303  1127  0.60840
   52    49    33    34       1122  1354  1194  0.60216
   46    58    37    29       1073  1403  1265  0.59670
   52    53    33    32       1056  1449  1307  0.60650
   60    48    29    35       1015  1501  1379  0.60387
   56    53    31    32        992  1552  1416  0.61024
   40    75    43    23        989  1601  1399  0.62760
   20   147    83    13       1079  1648  1292  0.70482
   15   196   110    10       1100  1705  1235  0.74339
