1623    179.47030 
1703    217.50906 
1720    125.77726 
1676    227.49904 
1647    215.75709 
674    115.28667 
651    105.42098 
603     87.25539 
730    124.92792 
829     88.93071 
974    163.06951 
880    123.17719 
997     91.67027 
497     85.43086 
551     93.70167 
573     89.91902 
629     94.60405 
1029    171.27520 
949    158.33730 
1046    138.65370 
1600    193.71637 
699    116.22974 
1301    109.29131 
901    137.08354 
1105    118.33415 
1175    188.34101 
1196    192.83287 
1247     96.81568 
1321     61.20350 
1402    186.96363 
1426    223.11575 
1474     55.29303 
1523    124.82851 
751    127.76697 
780    134.13945 
854    107.74200 
926    143.43574 
1151    181.17947 
799     91.61125 
1222     67.22206 
1352    146.04045 
1447    234.75516 
1371    187.28782 
1120    160.91375 
1500     70.51491 
1571    191.60820 
1070    141.73119 
1279    204.98563 
1555     79.04597 
