1623    178.03069 
1703    226.37010 
1720    126.48519 
1676    207.59961 
1647    218.96991 
674    116.00655 
651    107.82609 
522     69.22949 
603     89.17802 
730    122.79470 
829     89.34542 
974    168.10370 
880    124.56753 
997     93.05695 
497     84.24094 
551     95.97054 
573     89.65270 
629     94.69826 
1029    174.92916 
949    164.76118 
1046    132.78012 
1600    193.30805 
699    115.89347 
1301    109.26350 
901    137.78746 
1105    119.45499 
1175    195.27609 
1196    200.86749 
1247     96.39339 
1321    173.15295 
1402    186.86417 
1426    229.86703 
1474     55.62665 
1523    122.18871 
751    129.65892 
780    134.70025 
854    107.64069 
926    144.10182 
1151    168.94542 
799     92.40875 
1222     67.28457 
1352    147.41191 
1447    239.74029 
1371    218.03504 
1120    160.34662 
1500     71.17454 
1571    188.60690 
1070    141.98683 
1279    205.00736 
1555     79.10888 
