1623    243.78831 
1703    226.72693 
1720    225.87084 
1676    213.71962 
1647    219.94627 
674    118.58549 
651    113.65173 
522     82.07473 
603    105.52113 
730    128.70295 
829    146.51971 
974    170.66322 
880    154.16561 
997    171.29327 
497     84.55808 
551     96.38031 
573     99.62932 
629    110.15985 
1029    178.09875 
949    168.34082 
1046    172.81401 
1600    255.45268 
699    120.47111 
1301    216.78324 
901    156.15368 
1105    191.77149 
1175    203.22146 
1196    207.12451 
1247    198.46480 
1321    220.06398 
1402    238.50417 
1426    240.82449 
1474    230.32875 
1523    256.98193 
751    131.33347 
780    136.59640 
854    147.93798 
926    162.85395 
1151    199.36274 
799    137.52999 
1222    207.75993 
1352    233.50259 
1447    250.21155 
1371    232.15505 
1120    191.60321 
1500    255.05080 
1571    255.78115 
1070    181.38884 
1279    214.12705 
1555    259.67370 
