1623    247.57251 
1703    217.30381 
1720    220.38605 
1676    235.04400 
1647    219.76228 
674    117.14994 
651    111.28106 
603    102.79415 
730    128.50540 
829    144.15106 
974    165.39161 
880    151.69632 
997    161.62410 
497     85.76797 
551     93.91247 
573     99.98361 
629    110.10016 
1029    173.94712 
949    163.03729 
1046    180.05124 
1600    253.28095 
699    118.25101 
1301    219.84875 
901    154.21445 
1105    185.63705 
1175    199.38296 
1196    198.20824 
1247    208.52153 
1321     65.52843 
1402    238.53496 
1426    232.79079 
1474    241.45037 
1523    258.11813 
751    129.81590 
780    136.07981 
854    148.09482 
926    162.03983 
1151    200.65421 
799    135.44877 
1222    209.98380 
1352    227.98125 
1447    248.27370 
1371    228.15114 
1120    192.50206 
1500    247.34292 
1571    262.43649 
1070    180.84542 
1279    216.43574 
1555    262.18700 
