1623    238.50478 
1703    233.49737 
1720    233.26147 
1676    245.84545 
1647    222.00878 
674    119.88193 
651    115.22785 
522     91.69463 
603    106.47038 
730    129.85308 
829    150.34258 
974    170.23237 
880    156.69551 
997    174.34722 
573    102.13143 
629    111.12445 
1029    178.90997 
949    166.31386 
1046    179.58020 
1600    247.01302 
699    121.87103 
1301    223.93616 
901    155.78279 
1175    207.08367 
1196    214.15682 
1247    216.87870 
1321    202.15513 
1402    229.69788 
1426    244.33459 
1474    254.70153 
1523    260.28559 
751    131.59615 
780    135.72946 
854    148.66402 
926    163.13179 
1151    201.44737 
799    140.22488 
1222    212.84923 
1352    236.00270 
1447    244.81981 
1371    241.06122 
1120    189.80227 
1500    256.39935 
1571    262.04322 
1070    179.42003 
1279    217.36292 
1555    268.80165 
